0 27.4848 5.28662 0.35924 0.1 54.3307 129.921 15581.1 18.0945 1.34646
0 0 0.916168 0.5201 0 0 1504.52 85.2756 0.190476 0.0849753 70.9677
2 1;
0 0.311785 1.78343 2.15865 0.1 99.2126 76.7717 2893.33 11.4803 1.09843
0 0 0.916168 0.5201 0 1 0 69.2126 0.130952 0.053367 41.129 3 2;
0 184.543 0.563317 0.743536 0.1 66.1417 29.5276 4911.38 4.20472 1.14803
0 0.2 0 0 1 1 0 62.5197 0.440476 2.65609 74.1936 1 0;
0 0.635953 13.8368 11.0183 0.1 57.874 108.661 71.2455 27.1339 1.28976
0 0 0.916168 0.5201 0 1 0 69.2126 0.130952 0.053367 41.129 3 2;
0 0.311785 3631.87 2419.57 0.1 99.2126 76.7717 2893.33 11.4803 1.09843
0 0 0.916168 0.5201 0 1 0 69.2126 0.130952 0.053367 41.129 3 2;
0 0.311785 946.698 2419.57 0.1 57.874 68.5039 5153.42 11.4803 1.09843
0 0 0.916168 0 0 0 0 69.2126;
0 0.696183 326.188 0.114933 0.1 55.5118 2.3622 18000 14.5669 1.27559
0 0.2 0.916168 0 1 1 0 77.2441 0.511905 0.0849753 79.0323 2 2;
0 0.182804 3.17327 4.87694 0.1 87.4016 116.929 18000 6.62992 1.09134
0 0.2 0.916168 0.5201 0 0 1504.52 78.5827;
